100007.jpg/(256, 256, 3)
100039.jpg/(256, 256, 3)
100099.jpg/(256, 256, 3)
10081.jpg/(256, 256, 3)
101027.jpg/(256, 256, 3)
101084.jpg/(256, 256, 3)
102062.jpg/(256, 256, 3)
103006.jpg/(256, 256, 3)
103029.jpg/(256, 256, 3)
103078.jpg/(256, 256, 3)
104010.jpg/(256, 256, 3)
104055.jpg/(256, 256, 3)
105027.jpg/(256, 256, 3)
106005.jpg/(256, 256, 3)
106047.jpg/(256, 256, 3)
107014.jpg/(256, 256, 3)
107045.jpg/(256, 256, 3)
107072.jpg/(256, 256, 3)
108004.jpg/(256, 256, 3)
108036.jpg/(256, 256, 3)
108069.jpg/(256, 256, 3)
109055.jpg/(256, 256, 3)
112056.jpg/(256, 256, 3)
112090.jpg/(256, 256, 3)
117025.jpg/(256, 256, 3)
118015.jpg/(256, 256, 3)
118031.jpg/(256, 256, 3)
118072.jpg/(256, 256, 3)
120003.jpg/(256, 256, 3)
120093.jpg/(256, 256, 3)
123057.jpg/(256, 256, 3)
128035.jpg/(256, 256, 3)
130014.jpg/(256, 256, 3)
130066.jpg/(256, 256, 3)
134049.jpg/(256, 256, 3)
134067.jpg/(256, 256, 3)
140006.jpg/(256, 256, 3)
140088.jpg/(256, 256, 3)
14085.jpg/(256, 256, 3)
14092.jpg/(256, 256, 3)
141012.jpg/(256, 256, 3)
141048.jpg/(256, 256, 3)
145059.jpg/(256, 256, 3)
145079.jpg/(256, 256, 3)
146074.jpg/(256, 256, 3)
147077.jpg/(256, 256, 3)
147080.jpg/(256, 256, 3)
15011.jpg/(256, 256, 3)
15062.jpg/(256, 256, 3)
156054.jpg/(256, 256, 3)
157032.jpg/(256, 256, 3)
157087.jpg/(256, 256, 3)
159002.jpg/(256, 256, 3)
159022.jpg/(256, 256, 3)
160006.jpg/(256, 256, 3)
16004.jpg/(256, 256, 3)
160067.jpg/(256, 256, 3)
16068.jpg/(256, 256, 3)
161045.jpg/(256, 256, 3)
163004.jpg/(256, 256, 3)
163096.jpg/(256, 256, 3)
164046.jpg/(256, 256, 3)
168084.jpg/(256, 256, 3)
17067.jpg/(256, 256, 3)
175083.jpg/(256, 256, 3)
176051.jpg/(256, 256, 3)
179084.jpg/(256, 256, 3)
181021.jpg/(256, 256, 3)
183066.jpg/(256, 256, 3)
185092.jpg/(256, 256, 3)
187058.jpg/(256, 256, 3)
187099.jpg/(256, 256, 3)
188025.jpg/(256, 256, 3)
189006.jpg/(256, 256, 3)
189013.jpg/(256, 256, 3)
189029.jpg/(256, 256, 3)
189096.jpg/(256, 256, 3)
196027.jpg/(256, 256, 3)
196040.jpg/(256, 256, 3)
196062.jpg/(256, 256, 3)
196088.jpg/(256, 256, 3)
198087.jpg/(256, 256, 3)
20069.jpg/(256, 256, 3)
201080.jpg/(256, 256, 3)
2018.jpg/(256, 256, 3)
202000.jpg/(256, 256, 3)
206062.jpg/(256, 256, 3)
206097.jpg/(256, 256, 3)
207038.jpg/(256, 256, 3)
207049.jpg/(256, 256, 3)
208078.jpg/(256, 256, 3)
209021.jpg/(256, 256, 3)
217013.jpg/(256, 256, 3)
217090.jpg/(256, 256, 3)
220003.jpg/(256, 256, 3)
223004.jpg/(256, 256, 3)
223060.jpg/(256, 256, 3)
225022.jpg/(256, 256, 3)
226022.jpg/(256, 256, 3)
226033.jpg/(256, 256, 3)
226043.jpg/(256, 256, 3)
226060.jpg/(256, 256, 3)
228076.jpg/(256, 256, 3)
230063.jpg/(256, 256, 3)
230098.jpg/(256, 256, 3)
23050.jpg/(256, 256, 3)
232076.jpg/(256, 256, 3)
235098.jpg/(256, 256, 3)
238025.jpg/(256, 256, 3)
243095.jpg/(256, 256, 3)
246009.jpg/(256, 256, 3)
247003.jpg/(256, 256, 3)
247012.jpg/(256, 256, 3)
249021.jpg/(256, 256, 3)
250047.jpg/(256, 256, 3)
250087.jpg/(256, 256, 3)
253016.jpg/(256, 256, 3)
253092.jpg/(256, 256, 3)
257098.jpg/(256, 256, 3)
258089.jpg/(256, 256, 3)
259060.jpg/(256, 256, 3)
267036.jpg/(256, 256, 3)
268048.jpg/(256, 256, 3)
268074.jpg/(256, 256, 3)
277053.jpg/(256, 256, 3)
279005.jpg/(256, 256, 3)
28083.jpg/(256, 256, 3)
281017.jpg/(256, 256, 3)
285022.jpg/(256, 256, 3)
288024.jpg/(256, 256, 3)
289011.jpg/(256, 256, 3)
290035.jpg/(256, 256, 3)
29030.jpg/(256, 256, 3)
296028.jpg/(256, 256, 3)
296058.jpg/(256, 256, 3)
302022.jpg/(256, 256, 3)
306051.jpg/(256, 256, 3)
306052.jpg/(256, 256, 3)
3063.jpg/(256, 256, 3)
309040.jpg/(256, 256, 3)
317043.jpg/(256, 256, 3)
326025.jpg/(256, 256, 3)
326085.jpg/(256, 256, 3)
33044.jpg/(256, 256, 3)
334025.jpg/(256, 256, 3)
335088.jpg/(256, 256, 3)
335094.jpg/(256, 256, 3)
344010.jpg/(256, 256, 3)
346016.jpg/(256, 256, 3)
347031.jpg/(256, 256, 3)
35028.jpg/(256, 256, 3)
35049.jpg/(256, 256, 3)
36046.jpg/(256, 256, 3)
365072.jpg/(256, 256, 3)
368037.jpg/(256, 256, 3)
372019.jpg/(256, 256, 3)
376086.jpg/(256, 256, 3)
384022.jpg/(256, 256, 3)
384089.jpg/(256, 256, 3)
385022.jpg/(256, 256, 3)
388006.jpg/(256, 256, 3)
388018.jpg/(256, 256, 3)
388067.jpg/(256, 256, 3)
393035.jpg/(256, 256, 3)
41006.jpg/(256, 256, 3)
41029.jpg/(256, 256, 3)
41085.jpg/(256, 256, 3)
41096.jpg/(256, 256, 3)
43033.jpg/(256, 256, 3)
43051.jpg/(256, 256, 3)
45000.jpg/(256, 256, 3)
48017.jpg/(256, 256, 3)
48025.jpg/(256, 256, 3)
49024.jpg/(256, 256, 3)
5096.jpg/(256, 256, 3)
51084.jpg/(256, 256, 3)
6046.jpg/(256, 256, 3)
61034.jpg/(256, 256, 3)
64061.jpg/(256, 256, 3)
65084.jpg/(256, 256, 3)
69000.jpg/(256, 256, 3)
69007.jpg/(256, 256, 3)
69022.jpg/(256, 256, 3)
70011.jpg/(256, 256, 3)
70090.jpg/(256, 256, 3)
71076.jpg/(256, 256, 3)
71099.jpg/(256, 256, 3)
77062.jpg/(256, 256, 3)
78098.jpg/(256, 256, 3)
79073.jpg/(256, 256, 3)
80085.jpg/(256, 256, 3)
80090.jpg/(256, 256, 3)
8068.jpg/(256, 256, 3)
81066.jpg/(256, 256, 3)
81090.jpg/(256, 256, 3)
81095.jpg/(256, 256, 3)
87015.jpg/(256, 256, 3)
92014.jpg/(256, 256, 3)
94095.jpg/(256, 256, 3)
97010.jpg/(256, 256, 3)
100075.jpg/(256, 256, 3)
100080.jpg/(256, 256, 3)
100098.jpg/(256, 256, 3)
103041.jpg/(256, 256, 3)
104022.jpg/(256, 256, 3)
105019.jpg/(256, 256, 3)
105053.jpg/(256, 256, 3)
106020.jpg/(256, 256, 3)
106025.jpg/(256, 256, 3)
108041.jpg/(256, 256, 3)
108073.jpg/(256, 256, 3)
109034.jpg/(256, 256, 3)
112082.jpg/(256, 256, 3)
113009.jpg/(256, 256, 3)
113016.jpg/(256, 256, 3)
113044.jpg/(256, 256, 3)
117054.jpg/(256, 256, 3)
118020.jpg/(256, 256, 3)
118035.jpg/(256, 256, 3)
12003.jpg/(256, 256, 3)
12074.jpg/(256, 256, 3)
122048.jpg/(256, 256, 3)
124084.jpg/(256, 256, 3)
126039.jpg/(256, 256, 3)
130034.jpg/(256, 256, 3)
134008.jpg/(256, 256, 3)
134052.jpg/(256, 256, 3)
135037.jpg/(256, 256, 3)
135069.jpg/(256, 256, 3)
138032.jpg/(256, 256, 3)
138078.jpg/(256, 256, 3)
140055.jpg/(256, 256, 3)
140075.jpg/(256, 256, 3)
144067.jpg/(256, 256, 3)
145014.jpg/(256, 256, 3)
145053.jpg/(256, 256, 3)
147021.jpg/(256, 256, 3)
147062.jpg/(256, 256, 3)
15004.jpg/(256, 256, 3)
15088.jpg/(256, 256, 3)
151087.jpg/(256, 256, 3)
153077.jpg/(256, 256, 3)
153093.jpg/(256, 256, 3)
155060.jpg/(256, 256, 3)
156079.jpg/(256, 256, 3)
157036.jpg/(256, 256, 3)
159029.jpg/(256, 256, 3)
159045.jpg/(256, 256, 3)
159091.jpg/(256, 256, 3)
16052.jpg/(256, 256, 3)
161062.jpg/(256, 256, 3)
163014.jpg/(256, 256, 3)
163062.jpg/(256, 256, 3)
164074.jpg/(256, 256, 3)
166081.jpg/(256, 256, 3)
169012.jpg/(256, 256, 3)
170054.jpg/(256, 256, 3)
172032.jpg/(256, 256, 3)
173036.jpg/(256, 256, 3)
176019.jpg/(256, 256, 3)
176035.jpg/(256, 256, 3)
176039.jpg/(256, 256, 3)
178054.jpg/(256, 256, 3)
181018.jpg/(256, 256, 3)
181079.jpg/(256, 256, 3)
181091.jpg/(256, 256, 3)
183055.jpg/(256, 256, 3)
183087.jpg/(256, 256, 3)
187003.jpg/(256, 256, 3)
187029.jpg/(256, 256, 3)
187039.jpg/(256, 256, 3)
187071.jpg/(256, 256, 3)
187083.jpg/(256, 256, 3)
188005.jpg/(256, 256, 3)
188063.jpg/(256, 256, 3)
188091.jpg/(256, 256, 3)
189003.jpg/(256, 256, 3)
189011.jpg/(256, 256, 3)
196015.jpg/(256, 256, 3)
198004.jpg/(256, 256, 3)
198023.jpg/(256, 256, 3)
198054.jpg/(256, 256, 3)
20008.jpg/(256, 256, 3)
202012.jpg/(256, 256, 3)
207056.jpg/(256, 256, 3)
209070.jpg/(256, 256, 3)
2092.jpg/(256, 256, 3)
216041.jpg/(256, 256, 3)
216053.jpg/(256, 256, 3)
216066.jpg/(256, 256, 3)
22013.jpg/(256, 256, 3)
22090.jpg/(256, 256, 3)
22093.jpg/(256, 256, 3)
225017.jpg/(256, 256, 3)
227040.jpg/(256, 256, 3)
227046.jpg/(256, 256, 3)
23025.jpg/(256, 256, 3)
23080.jpg/(256, 256, 3)
23084.jpg/(256, 256, 3)
231015.jpg/(256, 256, 3)
232038.jpg/(256, 256, 3)
236017.jpg/(256, 256, 3)
238011.jpg/(256, 256, 3)
239007.jpg/(256, 256, 3)
239096.jpg/(256, 256, 3)
24004.jpg/(256, 256, 3)
24063.jpg/(256, 256, 3)
242078.jpg/(256, 256, 3)
245051.jpg/(256, 256, 3)
246016.jpg/(256, 256, 3)
246053.jpg/(256, 256, 3)
247085.jpg/(256, 256, 3)
249061.jpg/(256, 256, 3)
249087.jpg/(256, 256, 3)
25098.jpg/(256, 256, 3)
253036.jpg/(256, 256, 3)
254033.jpg/(256, 256, 3)
254054.jpg/(256, 256, 3)
260081.jpg/(256, 256, 3)
26031.jpg/(256, 256, 3)
268002.jpg/(256, 256, 3)
27059.jpg/(256, 256, 3)
271008.jpg/(256, 256, 3)
271031.jpg/(256, 256, 3)
274007.jpg/(256, 256, 3)
277095.jpg/(256, 256, 3)
28075.jpg/(256, 256, 3)
28096.jpg/(256, 256, 3)
285036.jpg/(256, 256, 3)
286092.jpg/(256, 256, 3)
292066.jpg/(256, 256, 3)
293029.jpg/(256, 256, 3)
299091.jpg/(256, 256, 3)
301007.jpg/(256, 256, 3)
302003.jpg/(256, 256, 3)
309004.jpg/(256, 256, 3)
310007.jpg/(256, 256, 3)
311068.jpg/(256, 256, 3)
311081.jpg/(256, 256, 3)
314016.jpg/(256, 256, 3)
317080.jpg/(256, 256, 3)
323016.jpg/(256, 256, 3)
326038.jpg/(256, 256, 3)
33066.jpg/(256, 256, 3)
35008.jpg/(256, 256, 3)
35010.jpg/(256, 256, 3)
35058.jpg/(256, 256, 3)
35070.jpg/(256, 256, 3)
35091.jpg/(256, 256, 3)
353013.jpg/(256, 256, 3)
361084.jpg/(256, 256, 3)
365025.jpg/(256, 256, 3)
365073.jpg/(256, 256, 3)
368016.jpg/(256, 256, 3)
368078.jpg/(256, 256, 3)
370036.jpg/(256, 256, 3)
372047.jpg/(256, 256, 3)
374020.jpg/(256, 256, 3)
374067.jpg/(256, 256, 3)
376001.jpg/(256, 256, 3)
376020.jpg/(256, 256, 3)
385028.jpg/(256, 256, 3)
388016.jpg/(256, 256, 3)
41004.jpg/(256, 256, 3)
41025.jpg/(256, 256, 3)
42044.jpg/(256, 256, 3)
42078.jpg/(256, 256, 3)
43070.jpg/(256, 256, 3)
43083.jpg/(256, 256, 3)
45077.jpg/(256, 256, 3)
46076.jpg/(256, 256, 3)
48055.jpg/(256, 256, 3)
54005.jpg/(256, 256, 3)
55067.jpg/(256, 256, 3)
55075.jpg/(256, 256, 3)
56028.jpg/(256, 256, 3)
59078.jpg/(256, 256, 3)
60079.jpg/(256, 256, 3)
61060.jpg/(256, 256, 3)
61086.jpg/(256, 256, 3)
65010.jpg/(256, 256, 3)
65019.jpg/(256, 256, 3)
65074.jpg/(256, 256, 3)
65132.jpg/(256, 256, 3)
66039.jpg/(256, 256, 3)
66075.jpg/(256, 256, 3)
67079.jpg/(256, 256, 3)
68077.jpg/(256, 256, 3)
71046.jpg/(256, 256, 3)
76002.jpg/(256, 256, 3)
78019.jpg/(256, 256, 3)
80099.jpg/(256, 256, 3)
8049.jpg/(256, 256, 3)
8143.jpg/(256, 256, 3)
87065.jpg/(256, 256, 3)
90076.jpg/(256, 256, 3)
92059.jpg/(256, 256, 3)
94079.jpg/(256, 256, 3)
95006.jpg/(256, 256, 3)
97017.jpg/(256, 256, 3)
101085.jpg/(256, 256, 3)
101087.jpg/(256, 256, 3)
102061.jpg/(256, 256, 3)
103070.jpg/(256, 256, 3)
105025.jpg/(256, 256, 3)
106024.jpg/(256, 256, 3)
108005.jpg/(256, 256, 3)
108070.jpg/(256, 256, 3)
108082.jpg/(256, 256, 3)
109053.jpg/(256, 256, 3)
119082.jpg/(256, 256, 3)
12084.jpg/(256, 256, 3)
123074.jpg/(256, 256, 3)
126007.jpg/(256, 256, 3)
130026.jpg/(256, 256, 3)
134035.jpg/(256, 256, 3)
14037.jpg/(256, 256, 3)
143090.jpg/(256, 256, 3)
145086.jpg/(256, 256, 3)
147091.jpg/(256, 256, 3)
148026.jpg/(256, 256, 3)
148089.jpg/(256, 256, 3)
156065.jpg/(256, 256, 3)
157055.jpg/(256, 256, 3)
159008.jpg/(256, 256, 3)
160068.jpg/(256, 256, 3)
16077.jpg/(256, 256, 3)
163085.jpg/(256, 256, 3)
167062.jpg/(256, 256, 3)
167083.jpg/(256, 256, 3)
170057.jpg/(256, 256, 3)
175032.jpg/(256, 256, 3)
175043.jpg/(256, 256, 3)
182053.jpg/(256, 256, 3)
189080.jpg/(256, 256, 3)
19021.jpg/(256, 256, 3)
196073.jpg/(256, 256, 3)
197017.jpg/(256, 256, 3)
208001.jpg/(256, 256, 3)
210088.jpg/(256, 256, 3)
21077.jpg/(256, 256, 3)
216081.jpg/(256, 256, 3)
219090.jpg/(256, 256, 3)
220075.jpg/(256, 256, 3)
223061.jpg/(256, 256, 3)
227092.jpg/(256, 256, 3)
229036.jpg/(256, 256, 3)
236037.jpg/(256, 256, 3)
24077.jpg/(256, 256, 3)
241004.jpg/(256, 256, 3)
241048.jpg/(256, 256, 3)
253027.jpg/(256, 256, 3)
253055.jpg/(256, 256, 3)
260058.jpg/(256, 256, 3)
271035.jpg/(256, 256, 3)
285079.jpg/(256, 256, 3)
291000.jpg/(256, 256, 3)
295087.jpg/(256, 256, 3)
296007.jpg/(256, 256, 3)
296059.jpg/(256, 256, 3)
299086.jpg/(256, 256, 3)
300091.jpg/(256, 256, 3)
302008.jpg/(256, 256, 3)
304034.jpg/(256, 256, 3)
304074.jpg/(256, 256, 3)
306005.jpg/(256, 256, 3)
3096.jpg/(256, 256, 3)
33039.jpg/(256, 256, 3)
351093.jpg/(256, 256, 3)
361010.jpg/(256, 256, 3)
37073.jpg/(256, 256, 3)
376043.jpg/(256, 256, 3)
38082.jpg/(256, 256, 3)
38092.jpg/(256, 256, 3)
385039.jpg/(256, 256, 3)
41033.jpg/(256, 256, 3)
41069.jpg/(256, 256, 3)
42012.jpg/(256, 256, 3)
42049.jpg/(256, 256, 3)
43074.jpg/(256, 256, 3)
45096.jpg/(256, 256, 3)
54082.jpg/(256, 256, 3)
55073.jpg/(256, 256, 3)
58060.jpg/(256, 256, 3)
62096.jpg/(256, 256, 3)
65033.jpg/(256, 256, 3)
66053.jpg/(256, 256, 3)
69015.jpg/(256, 256, 3)
69020.jpg/(256, 256, 3)
69040.jpg/(256, 256, 3)
76053.jpg/(256, 256, 3)
78004.jpg/(256, 256, 3)
8023.jpg/(256, 256, 3)
85048.jpg/(256, 256, 3)
86000.jpg/(256, 256, 3)
86016.jpg/(256, 256, 3)
86068.jpg/(256, 256, 3)
87046.jpg/(256, 256, 3)
89072.jpg/(256, 256, 3)
97033.jpg/(256, 256, 3)
